Community 0 (21 patients):
  0
  26
  28
  30
  65
  69
  99
  204
  247
  256
  258
  270
  296
  331
  333
  334
  349
  350
  353
  361
  397

Community 1 (37 patients):
  1
  18
  23
  38
  45
  53
  85
  90
  96
  114
  115
  121
  138
  161
  166
  173
  195
  200
  210
  224
  234
  240
  269
  303
  320
  329
  330
  335
  344
  348
  362
  363
  366
  375
  379
  384
  412

Community 2 (37 patients):
  2
  15
  17
  20
  21
  24
  43
  49
  57
  66
  76
  78
  95
  100
  102
  112
  133
  144
  147
  170
  184
  201
  205
  235
  274
  276
  286
  324
  343
  357
  376
  385
  390
  393
  396
  400
  408

Community 3 (22 patients):
  3
  9
  13
  19
  47
  48
  54
  67
  118
  123
  126
  157
  212
  221
  251
  263
  287
  308
  325
  347
  354
  355

Community 4 (46 patients):
  4
  8
  11
  14
  16
  42
  59
  71
  74
  75
  77
  87
  91
  92
  94
  105
  109
  125
  130
  131
  142
  154
  156
  177
  230
  232
  242
  243
  257
  264
  267
  280
  288
  292
  298
  310
  313
  316
  317
  342
  346
  373
  391
  394
  398
  409

Community 5 (8 patients):
  5
  97
  137
  160
  181
  203
  253
  332

Community 6 (38 patients):
  6
  32
  36
  39
  41
  70
  81
  88
  128
  135
  162
  172
  178
  182
  183
  185
  194
  197
  206
  214
  216
  236
  241
  249
  260
  271
  277
  290
  291
  319
  326
  337
  338
  341
  356
  365
  392
  411

Community 7 (4 patients):
  7
  89
  180
  188

Community 8 (65 patients):
  10
  25
  34
  35
  40
  46
  50
  55
  56
  60
  64
  73
  80
  106
  122
  129
  141
  143
  150
  153
  155
  168
  171
  175
  186
  189
  190
  196
  209
  219
  220
  223
  225
  226
  228
  231
  233
  245
  246
  250
  255
  281
  283
  300
  309
  312
  315
  318
  323
  336
  340
  351
  352
  358
  360
  370
  371
  372
  374
  378
  382
  386
  387
  388
  413

Community 9 (56 patients):
  12
  22
  37
  44
  58
  61
  62
  63
  68
  79
  83
  84
  86
  103
  104
  111
  119
  120
  124
  127
  132
  136
  140
  145
  151
  176
  179
  187
  191
  199
  207
  211
  213
  217
  238
  259
  261
  265
  273
  282
  293
  294
  295
  302
  304
  306
  311
  321
  328
  345
  368
  369
  377
  380
  383
  399

Community 10 (58 patients):
  27
  31
  33
  52
  72
  82
  93
  98
  101
  107
  108
  110
  116
  117
  134
  139
  148
  158
  163
  164
  165
  169
  174
  198
  208
  215
  218
  222
  229
  237
  244
  248
  252
  254
  262
  266
  268
  272
  275
  285
  289
  297
  299
  301
  307
  314
  339
  359
  389
  395
  401
  402
  404
  405
  406
  407
  410
  414

Community 11 (16 patients):
  29
  149
  167
  192
  193
  202
  227
  239
  278
  284
  305
  322
  364
  367
  381
  403

Community 12 (7 patients):
  51
  113
  146
  152
  159
  279
  327

